date;time;load1;load5;load15;temp;rx_kbytes;tx_kbytes;mem_tot;mem_free;mem_buffers;mem_cached;mem_div
2012-12-21;00:00:01;0.00;0.01;0.05;46;1645859;1334381;497764;16476;1416;276772;203100
2012-12-21;00:05:01;0.00;0.01;0.05;45;1645859;1334381;497764;16476;1432;276776;203080
2012-12-21;00:10:01;0.11;0.07;0.06;46;1645859;1334381;497764;16228;1448;276780;203308
2012-12-21;00:15:01;0.00;0.05;0.05;45;1645859;1334381;497764;16336;1464;276780;203184
2012-12-21;00:20:01;0.00;0.02;0.05;46;1645860;1334381;497764;16352;1480;276780;203152
2012-12-21;00:25:02;0.00;0.01;0.05;46;1645860;1334381;497764;16228;1488;276780;203268
2012-12-21;00:30:01;0.12;0.06;0.05;46;1645860;1334381;497764;16228;1496;276780;203260
2012-12-21;00:35:01;0.00;0.02;0.05;46;1645860;1334381;497764;16352;1512;276780;203120
2012-12-21;00:40:01;0.00;0.01;0.05;46;1645861;1334381;497764;16352;1528;276780;203104
2012-12-21;00:45:01;0.00;0.02;0.05;45;1645861;1334381;497764;16352;1536;276780;203096
2012-12-21;00:50:01;0.00;0.03;0.05;46;1645861;1334381;497764;16228;1544;276780;203212
2012-12-21;00:55:01;0.00;0.02;0.05;46;1645861;1334381;497764;16228;1552;276780;203204
2012-12-21;01:00:01;0.00;0.04;0.05;46;1645862;1334381;497764;16228;1560;276780;203196
2012-12-21;01:05:01;0.00;0.01;0.05;46;1645862;1334381;497764;16228;1568;276780;203188
2012-12-21;01:10:01;0.00;0.03;0.05;45;1645862;1334381;497764;16228;1584;276780;203172
2012-12-21;01:15:01;0.04;0.04;0.05;46;1645863;1334381;497764;16228;1592;276780;203164
2012-12-21;01:20:01;0.00;0.01;0.05;46;1645863;1334381;497764;16220;1616;276784;203144
2012-12-21;01:25:01;0.00;0.01;0.05;46;1645863;1334381;497764;16112;1624;276784;203244
2012-12-21;01:30:02;0.00;0.03;0.05;46;1645863;1334382;497764;16112;1632;276784;203236
2012-12-21;01:35:01;0.12;0.07;0.06;46;1645864;1334382;497764;16236;1656;276788;203084
2012-12-21;01:40:02;0.00;0.06;0.05;46;1645864;1334382;497764;15988;1672;276788;203316
2012-12-21;01:45:01;0.00;0.06;0.05;46;1645864;1334382;497764;16112;1680;276788;203184
2012-12-21;01:50:01;0.00;0.02;0.05;45;1645864;1334382;497764;16112;1688;276788;203176
2012-12-21;01:55:02;0.00;0.01;0.05;46;1645865;1334382;497764;16112;1696;276788;203168
2012-12-21;02:00:01;0.00;0.01;0.05;46;1645865;1334382;497764;16112;1704;276788;203160
2012-12-21;02:05:01;0.00;0.01;0.05;45;1645865;1334382;497764;16112;1712;276788;203152
2012-12-21;02:10:01;0.11;0.07;0.05;46;1645865;1334382;497764;16112;1728;276788;203136
2012-12-21;02:15:01;0.00;0.06;0.05;46;1645866;1334382;497764;16112;1736;276788;203128
2012-12-21;02:20:02;0.04;0.10;0.07;45;1645866;1334382;497764;16112;1752;276788;203112
2012-12-21;02:25:01;0.00;0.07;0.07;45;1645866;1334382;497764;15988;1760;276788;203228
2012-12-21;02:30:01;0.00;0.03;0.05;46;1645867;1334382;497764;15988;1768;276788;203220
2012-12-21;02:35:02;0.00;0.01;0.05;45;1645867;1334382;497764;16112;1784;276788;203080
2012-12-21;02:40:01;0.00;0.01;0.05;45;1645867;1334382;497764;15864;1800;276788;203312
2012-12-21;02:45:02;0.01;0.03;0.05;46;1645867;1334382;497764;15988;1808;276788;203180
2012-12-21;02:50:01;0.01;0.02;0.05;46;1645868;1334382;497764;15988;1816;276788;203172
2012-12-21;02:55:01;0.00;0.04;0.05;46;1645868;1334382;497764;15988;1824;276792;203160
2012-12-21;03:00:02;0.00;0.04;0.05;46;1645868;1334383;497764;15980;1840;276792;203152
2012-12-21;03:05:01;0.01;0.06;0.05;45;1645868;1334383;497764;15988;1848;276792;203136
2012-12-21;03:10:02;0.00;0.02;0.05;46;1645869;1334383;497764;15980;1864;276792;203128
2012-12-21;03:15:01;0.03;0.04;0.05;45;1645869;1334383;497764;15996;1872;276792;203104
2012-12-21;03:20:01;0.00;0.01;0.05;46;1645869;1334383;497764;15996;1888;276792;203088
2012-12-21;03:25:02;0.00;0.01;0.05;46;1645870;1334383;497764;15864;1896;276792;203212
2012-12-21;03:30:01;0.00;0.01;0.05;46;1645870;1334383;497764;15872;1904;276792;203196
2012-12-21;03:35:01;0.04;0.05;0.05;45;1645870;1334383;497764;15996;1920;276792;203056
2012-12-21;03:40:01;0.14;0.10;0.06;45;1645870;1334383;497764;15872;1936;276796;203160
2012-12-21;03:45:01;0.01;0.07;0.06;45;1645871;1334383;497764;15872;1952;276796;203144
2012-12-21;03:50:02;0.00;0.05;0.05;45;1645871;1334383;497764;15872;1960;276796;203136
2012-12-21;03:55:01;0.00;0.04;0.05;45;1645871;1334383;497764;15872;1976;276800;203116
2012-12-21;04:00:01;0.00;0.01;0.05;46;1645871;1334383;497764;15748;1984;276800;203232
2012-12-21;04:05:02;0.00;0.01;0.05;46;1645872;1334383;497764;15748;1992;276800;203224
2012-12-21;04:10:01;0.03;0.03;0.05;45;1645872;1334383;497764;15748;2008;276800;203208
2012-12-21;04:15:02;0.00;0.01;0.05;45;1645872;1334383;497764;15872;2016;276800;203076
2012-12-21;04:20:01;0.03;0.07;0.06;46;1645872;1334383;497764;15748;2040;276804;203172
2012-12-21;04:25:01;0.00;0.06;0.05;46;1645873;1334384;497764;15748;2048;276804;203164
2012-12-21;04:30:01;0.01;0.07;0.06;45;1645873;1334384;497764;15748;2056;276804;203156
2012-12-21;04:35:01;0.02;0.04;0.05;45;1645873;1334384;497764;15748;2072;276804;203140
2012-12-21;04:40:01;0.00;0.01;0.05;45;1645874;1334384;497764;15748;2088;276804;203124
2012-12-21;04:45:01;0.02;0.03;0.05;46;1645874;1334384;497764;15748;2096;276804;203116
2012-12-21;04:50:01;0.00;0.01;0.05;45;1645874;1334384;497764;15748;2104;276804;203108
2012-12-21;04:55:02;0.00;0.01;0.05;46;1645874;1334384;497764;15624;2112;276804;203224
2012-12-21;05:00:01;0.00;0.01;0.05;46;1645875;1334384;497764;15748;2120;276804;203092
2012-12-21;05:05:01;0.00;0.04;0.05;45;1645875;1334384;497764;15624;2128;276804;203208
2012-12-21;05:10:01;0.23;0.12;0.07;46;1645875;1334384;497764;15748;2144;276804;203068
2012-12-21;05:15:01;0.00;0.06;0.05;46;1645875;1334384;497764;15748;2152;276804;203060
2012-12-21;05:20:01;0.01;0.04;0.05;45;1645876;1334384;497764;15748;2168;276804;203044
2012-12-21;05:25:01;0.05;0.05;0.05;45;1645876;1334384;497764;15500;2176;276804;203284
2012-12-21;05:30:01;0.00;0.02;0.05;46;1645876;1334384;497764;15624;2184;276804;203152
2012-12-21;05:35:01;0.00;0.01;0.05;45;1645877;1334384;497764;15624;2200;276804;203136
2012-12-21;05:40:01;0.23;0.10;0.07;45;1645877;1334384;497764;15624;2224;276808;203108
2012-12-21;05:45:01;0.00;0.05;0.05;46;1645877;1334384;497764;15500;2232;276808;203224
2012-12-21;05:50:01;0.00;0.05;0.05;45;1645877;1334384;497764;15500;2240;276808;203216
2012-12-21;05:55:01;0.00;0.04;0.05;46;1645878;1334385;497764;15484;2248;276808;203224
2012-12-21;06:00:01;0.00;0.04;0.05;46;1645878;1334385;497764;15624;2256;276808;203076
2012-12-21;06:05:01;0.00;0.01;0.05;46;1645878;1334385;497764;15376;2264;276808;203316
2012-12-21;06:10:01;0.04;0.04;0.05;46;1645878;1334385;497764;15500;2288;276812;203164
2012-12-21;06:15:01;0.00;0.02;0.05;46;1645879;1334385;497764;15376;2296;276812;203280
2012-12-21;06:20:01;0.02;0.05;0.05;45;1645879;1334385;497764;15500;2312;276812;203140
2012-12-21;06:25:01;0.00;0.04;0.05;45;1645879;1334385;497764;13232;3284;277144;204104
2012-12-21;06:30:01;1.03;0.78;0.38;48;1645880;1334385;497764;12720;1236;279484;204324
2012-12-21;06:35:01;1.17;1.02;0.60;49;1645882;1334385;497764;12472;1256;279652;204384
2012-12-21;06:40:01;1.00;1.03;0.72;49;1645882;1334385;497764;11852;1316;280176;204420
2012-12-21;06:45:01;1.02;1.07;0.83;49;1645882;1334385;497764;12968;1232;279200;204364
2012-12-21;06:50:02;1.08;1.09;0.91;49;1645882;1334385;497764;12796;1248;279296;204424
2012-12-21;06:55:01;0.54;0.97;0.92;47;1645883;1334385;497764;106144;5144;183544;202932
2012-12-21;07:00:02;0.16;0.40;0.68;46;1645883;1334385;497764;106144;5160;183544;202916
2012-12-21;07:05:01;0.00;0.15;0.50;46;1645883;1334385;497764;106144;5168;183544;202908
2012-12-21;07:10:01;0.01;0.10;0.39;46;1645883;1334385;497764;103532;5184;186068;202980
2012-12-21;07:15:01;0.00;0.06;0.30;45;1645884;1334385;497764;103540;5192;186068;202964
2012-12-21;07:20:01;0.01;0.04;0.22;45;1645884;1334385;497764;103540;5208;186072;202944
2012-12-21;07:25:01;0.00;0.04;0.18;45;1645884;1334386;497764;103540;5216;186072;202936
2012-12-21;07:30:01;0.00;0.01;0.13;45;1645888;1334386;497764;102672;5224;186868;203000
2012-12-21;07:35:01;0.00;0.01;0.10;45;1645888;1334386;497764;102796;5240;186872;202856
2012-12-21;07:40:01;0.00;0.01;0.07;45;1645889;1334386;497764;102672;5256;186872;202964
2012-12-21;07:45:01;0.00;0.01;0.05;45;1645889;1334386;497764;102672;5264;186872;202956
2012-12-21;07:50:02;0.00;0.04;0.05;46;1645892;1334393;497764;102548;5320;186956;202940
2012-12-21;07:55:01;0.01;0.05;0.05;46;1645893;1334393;497764;102548;5328;186956;202932
2012-12-21;08:00:01;0.00;0.04;0.05;46;1645893;1334393;497764;102548;5336;186956;202924
2012-12-21;08:05:01;0.01;0.03;0.05;46;1645893;1334393;497764;102424;5344;186956;203040
2012-12-21;08:10:01;0.02;0.03;0.05;45;1645894;1334393;497764;101804;5776;187220;202964
2012-12-21;08:15:01;0.00;0.03;0.05;46;1645895;1334393;497764;101804;5784;187220;202956
2012-12-21;08:20:01;0.01;0.03;0.05;45;1645895;1334393;497764;101804;5808;187224;202928
2012-12-21;08:25:01;0.00;0.03;0.05;45;1645895;1334393;497764;101680;5816;187224;203044
2012-12-21;08:30:01;0.00;0.04;0.05;46;1645895;1334393;497764;101680;5824;187224;203036
2012-12-21;08:35:01;0.00;0.03;0.05;45;1645896;1334394;497764;101680;5840;187224;203020
2012-12-21;08:40:01;0.01;0.06;0.05;45;1645896;1334394;497764;101804;5856;187224;202880
2012-12-21;08:45:01;0.02;0.07;0.05;46;1645896;1334394;497764;101680;5864;187224;202996
2012-12-21;08:50:01;0.00;0.03;0.05;45;1645897;1334394;497764;101804;5872;187224;202864
2012-12-21;08:55:01;0.00;0.01;0.05;45;1645897;1334394;497764;101680;5880;187224;202980
2012-12-21;09:00:01;0.00;0.01;0.05;45;1645897;1334394;497764;101680;5888;187224;202972
2012-12-21;09:05:01;0.00;0.01;0.05;46;1645898;1334394;497764;101680;5896;187224;202964
2012-12-21;09:10:01;0.23;0.11;0.07;45;1645898;1334394;497764;101680;5920;187228;202936
2012-12-21;09:15:01;0.00;0.05;0.05;45;1645898;1334394;497764;101680;5928;187228;202928
2012-12-21;09:20:01;0.01;0.06;0.05;46;1645899;1334394;497764;101680;5944;187228;202912
2012-12-21;09:25:01;0.00;0.03;0.05;44;1645899;1334394;497764;101556;5952;187228;203028
2012-12-21;09:30:01;0.06;0.05;0.05;45;1645900;1334394;497764;101556;5960;187228;203020
2012-12-21;09:35:01;0.10;0.05;0.05;45;1645901;1334394;497764;101680;5976;187228;202880
2012-12-21;09:40:01;0.00;0.02;0.05;45;1645901;1334394;497764;101680;6000;187232;202852
2012-12-21;09:45:01;0.00;0.01;0.05;45;1645901;1334394;497764;101548;6008;187232;202976
2012-12-21;09:50:01;0.01;0.04;0.05;44;1645902;1334394;497764;101556;6016;187232;202960
2012-12-21;09:55:02;0.00;0.02;0.05;45;1645902;1334394;497764;101556;6024;187232;202952
2012-12-21;10:00:01;0.00;0.04;0.05;45;1645902;1334394;497764;101556;6032;187232;202944
2012-12-21;10:05:01;0.00;0.04;0.05;46;1645902;1334394;497764;101556;6040;187232;202936
2012-12-21;10:10:01;0.00;0.01;0.05;45;1645903;1334394;497764;101556;6056;187232;202920
2012-12-21;10:15:01;0.00;0.01;0.05;45;1645903;1334395;497764;101524;6064;187232;202944
2012-12-21;10:20:01;0.02;0.02;0.05;45;1645903;1334395;497764;101556;6080;187232;202896
2012-12-21;10:25:01;0.00;0.01;0.05;45;1645903;1334395;497764;101432;6088;187232;203012
2012-12-21;10:30:01;0.00;0.03;0.05;45;1645904;1334395;497764;101432;6096;187232;203004
2012-12-21;10:35:01;0.02;0.05;0.05;45;1645904;1334395;497764;101556;6112;187232;202864
2012-12-21;10:40:01;0.00;0.03;0.05;45;1645904;1334395;497764;101432;6128;187232;202972
2012-12-21;10:45:01;0.00;0.03;0.05;45;1645905;1334395;497764;101432;6136;187232;202964
2012-12-21;10:50:01;0.00;0.03;0.05;45;1645905;1334395;497764;101432;6144;187232;202956
2012-12-21;10:55:01;0.00;0.01;0.05;45;1645905;1334395;497764;101432;6152;187232;202948
2012-12-21;11:00:01;0.00;0.01;0.05;45;1645905;1334395;497764;101432;6160;187232;202940
2012-12-21;11:05:02;0.00;0.02;0.05;45;1645906;1334395;497764;101432;6168;187236;202928
2012-12-21;11:10:01;0.13;0.04;0.05;45;1645922;1334395;497764;101400;6192;187236;202936
2012-12-21;11:15:01;0.03;0.07;0.06;46;1645948;1334395;497764;101276;6200;187236;203052
2012-12-21;11:20:01;0.02;0.06;0.06;45;1645970;1334395;497764;101432;6216;187236;202880
2012-12-21;11:25:01;0.00;0.04;0.05;45;1645983;1334395;497764;101308;6224;187236;202996
2012-12-21;11:30:01;0.01;0.03;0.05;45;1645999;1334395;497764;101308;6232;187236;202988
2012-12-21;11:35:01;0.00;0.03;0.05;45;1646011;1334395;497764;101308;6248;187240;202968
2012-12-21;11:40:01;0.00;0.01;0.05;45;1646027;1334395;497764;101260;6272;187240;202992
2012-12-21;11:45:01;0.00;0.01;0.05;45;1646039;1334396;497764;101308;6280;187240;202936
2012-12-21;11:50:01;0.00;0.01;0.05;45;1646050;1334396;497764;101308;6296;187244;202916
2012-12-21;11:55:01;1.26;0.46;0.20;47;1646250;1334605;497764;78008;8852;204736;206168
2012-12-21;12:00:01;1.02;0.86;0.45;46;1646497;1335065;497764;69156;12880;209452;206276
2012-12-21;12:05:02;0.53;0.88;0.58;46;1646809;1335554;497764;63492;16460;210464;207348
2012-12-21;12:10:01;0.24;0.44;0.48;46;1646839;1335640;497764;63328;16648;210476;207312
2012-12-21;12:15:02;0.16;0.29;0.41;46;1653960;1336457;497764;52776;17756;216988;210244
2012-12-21;12:20:01;0.48;0.76;0.62;46;1691484;1343891;497764;24372;21352;248356;203684
2012-12-21;12:25:01;3.05;1.92;1.10;47;1696129;1344566;497764;35040;22540;244092;196092
2012-12-21;12:30:02;1.55;1.43;1.09;48;1696299;1345030;497764;11844;31208;247436;207276
2012-12-21;12:35:01;1.22;1.23;1.08;48;1696502;1346156;497764;27400;34132;254976;181256
2012-12-21;12:40:01;1.39;1.06;1.01;49;1696618;1347146;497764;19588;34492;257176;186508
2012-12-21;12:45:01;1.37;1.32;1.15;49;1696801;1348243;497764;15900;35880;258352;187632
2012-12-21;12:50:01;1.39;1.29;1.17;49;1696992;1349950;497764;11448;36480;259688;190148
2012-12-21;12:55:01;0.40;0.94;1.07;47;1697114;1350600;497764;12600;36820;257892;190452
2012-12-21;13:00:01;1.49;0.79;0.93;47;1697163;1350775;497764;11380;36980;255840;193564
2012-12-21;13:05:01;1.70;1.09;1.00;48;1697278;1351092;497764;10648;38456;254488;194172
2012-12-21;13:10:01;0.65;0.65;0.83;49;1697294;1351103;497764;12932;38636;253796;192400
2012-12-21;13:15:01;0.03;0.40;0.69;46;1697306;1351103;497764;15532;38780;252440;191012
2012-12-21;13:20:01;0.03;0.21;0.53;46;1697322;1351103;497764;15508;38796;252444;191016
2012-12-21;13:25:01;0.00;0.11;0.40;45;1697333;1351103;497764;15416;38804;252444;191100
2012-12-21;13:30:01;0.15;0.10;0.32;45;1697349;1351103;497764;15540;38812;252444;190968
2012-12-21;13:35:01;0.00;0.06;0.25;45;1697361;1351103;497764;15508;38828;252444;190984
2012-12-21;13:40:01;0.63;0.20;0.24;48;1697374;1351103;497764;15520;38924;251484;191836
2012-12-21;13:45:01;0.03;0.25;0.28;45;1697388;1351103;497764;17732;39048;250300;190684
2012-12-21;13:50:01;0.03;0.12;0.21;46;1697400;1351103;497764;17740;39056;250300;190668
2012-12-21;13:55:01;0.04;0.07;0.16;46;1697418;1351106;497764;17724;39072;250308;190660
2012-12-21;14:00:02;0.00;0.03;0.12;45;1697430;1351106;497764;17640;39076;250308;190740
2012-12-21;14:05:01;0.00;0.03;0.11;45;1697446;1351106;497764;17616;39080;250308;190760
2012-12-21;14:10:01;0.01;0.06;0.12;45;1697458;1351106;497764;17648;39092;250308;190716
2012-12-21;14:15:01;0.00;0.06;0.11;45;1697469;1351106;497764;17616;39100;250308;190740
2012-12-21;14:20:01;0.00;0.02;0.08;45;1697485;1351106;497764;17640;39116;250308;190700
2012-12-21;14:25:01;0.73;0.25;0.14;46;1697516;1351242;497764;17236;39320;250372;190836
2012-12-21;14:30:01;0.03;0.17;0.14;45;1697534;1351247;497764;17236;39392;250380;190756
2012-12-21;14:35:01;0.12;0.14;0.13;46;1697564;1351256;497764;17012;39560;250384;190808
2012-12-21;14:40:01;0.10;0.08;0.12;45;1697572;1351261;497764;17004;39668;250380;190712
2012-12-21;14:45:01;0.61;0.33;0.20;46;1697638;1351826;497764;15600;40244;250748;191172
2012-12-21;14:50:02;1.47;0.86;0.45;48;1698001;1352269;497764;10580;43852;251756;191576
2012-12-21;14:55:01;0.10;0.59;0.48;46;1698082;1352462;497764;11192;43700;251312;191560
2012-12-21;15:00:01;0.00;0.22;0.34;46;1698087;1352462;497764;11068;43708;251312;191676
2012-12-21;15:05:01;0.00;0.10;0.26;46;1698091;1352462;497764;11168;43716;251312;191568
2012-12-21;15:10:01;0.11;0.08;0.21;46;1698095;1352462;497764;14920;42084;249236;191524
2012-12-21;15:15:01;1.04;0.51;0.34;47;1698192;1352868;497764;12436;43848;249796;191684
2012-12-21;15:20:01;0.22;0.34;0.32;46;1698215;1352992;497764;12044;44076;249916;191728
2012-12-21;15:25:01;0.23;0.27;0.30;46;1698230;1353062;497764;12060;44132;249976;191596
2012-12-21;15:30:01;0.16;0.23;0.28;45;1698244;1353132;497764;11812;44196;250032;191724
2012-12-21;15:35:01;0.23;0.27;0.29;46;1698269;1353246;497764;11532;44304;250128;191800
2012-12-21;15:40:01;1.16;0.55;0.38;48;1698302;1353371;497764;13660;44256;247340;192508
2012-12-21;15:45:01;0.59;0.51;0.42;46;1698431;1355336;497764;88280;44480;246848;118156
2012-12-21;15:50:01;0.15;0.34;0.38;46;1698501;1355844;497764;84356;44688;249020;119700
2012-12-21;15:55:01;0.11;0.19;0.30;46;1698561;1356278;497764;84200;44760;249108;119696
2012-12-21;16:00:01;0.22;0.19;0.27;46;1698607;1356679;497764;81768;44832;249168;121996
2012-12-21;16:05:01;0.10;0.16;0.24;46;1698651;1357092;497764;81512;44888;249224;122140
2012-12-21;16:10:01;1.08;0.50;0.34;46;1698699;1357522;497764;81868;45020;248832;122044
2012-12-21;16:15:01;0.22;0.28;0.29;46;1698743;1357934;497764;81744;45092;248892;122036
2012-12-21;16:20:01;0.18;0.25;0.28;46;1698787;1358338;497764;81644;45152;248952;122016
2012-12-21;16:25:01;0.06;0.14;0.22;46;1698836;1358782;497764;81348;45224;249040;122152
2012-12-21;16:30:01;0.19;0.16;0.21;46;1698879;1359170;497764;81272;45280;249096;122116
2012-12-21;16:35:01;0.07;0.14;0.20;46;1698922;1359559;497764;81132;45332;249156;122144
2012-12-21;16:40:01;0.93;0.39;0.28;46;1698972;1360016;497764;81264;45452;248848;122200
2012-12-21;16:45:01;0.23;0.28;0.26;46;1699020;1360419;497764;81132;45496;248908;122228
2012-12-21;16:50:01;0.15;0.23;0.25;46;1699063;1360823;497764;81008;45548;248968;122240
2012-12-21;16:55:01;0.17;0.20;0.23;47;1699112;1361256;497764;80768;45628;249060;122308
2012-12-21;17:00:01;0.20;0.22;0.23;46;1699156;1361659;497764;80636;45704;249120;122304
2012-12-21;17:05:01;0.10;0.17;0.21;46;1699200;1362067;497764;80628;45756;249176;122204
2012-12-21;17:10:01;0.64;0.37;0.28;47;1699249;1362497;497764;80628;45876;248876;122384
2012-12-21;17:15:01;0.23;0.28;0.26;46;1699292;1362897;497764;80520;45928;248936;122380
2012-12-21;17:20:01;0.12;0.22;0.23;46;1699337;1363297;497764;80520;45988;249004;122252
2012-12-21;17:25:01;0.24;0.22;0.23;46;1699386;1363727;497764;80240;46056;249088;122380
2012-12-21;17:30:01;0.23;0.23;0.23;46;1699429;1364131;497764;80264;46116;249148;122236
2012-12-21;17:35:01;0.14;0.23;0.23;46;1699472;1364511;497764;80024;46180;249208;122352
2012-12-21;17:40:01;0.75;0.38;0.28;46;1699523;1364950;497764;80016;46296;248904;122548
2012-12-21;17:45:01;0.28;0.27;0.25;45;1699569;1365353;497764;80108;46336;248960;122360
2012-12-21;17:50:01;0.90;0.45;0.31;47;1699674;1365943;497764;78796;46904;249232;122832
2012-12-21;17:55:01;1.04;0.87;0.53;48;1699903;1366648;497764;77080;49368;250276;121040
2012-12-21;18:00:01;0.24;0.54;0.50;46;1699947;1366924;497764;76664;49700;250532;120868
2012-12-21;18:05:02;0.08;0.29;0.40;46;1699965;1367001;497764;76376;49764;250592;121032
2012-12-21;18:10:01;0.51;0.43;0.44;46;1699994;1367176;497764;76120;50080;250348;121216
2012-12-21;18:15:01;0.54;0.38;0.41;47;1700019;1367308;497764;73372;50148;250444;123800
2012-12-21;18:20:01;0.22;0.35;0.39;47;1700078;1367779;497764;73000;50308;250572;123884
2012-12-21;18:25:01;1.13;0.66;0.50;46;1700374;1375979;497764;37696;50744;286712;122612
2012-12-21;18:30:01;0.51;0.55;0.50;47;1700508;1376779;497764;39680;51192;288228;118664
2012-12-21;18:35:02;0.16;0.40;0.45;47;1700568;1377756;497764;40716;51340;289048;116660
2012-12-21;18:40:01;0.68;0.41;0.43;48;1700593;1377898;497764;39800;51564;288292;118108
2012-12-21;18:45:01;0.13;0.49;0.50;46;1700632;1378075;497764;41408;51892;287696;116768
2012-12-21;18:50:01;0.09;0.31;0.42;46;1700651;1378180;497764;41028;51964;287784;116988
2012-12-21;18:55:01;0.17;0.22;0.36;46;1700665;1378250;497764;40920;52012;287840;116992
2012-12-21;19:00:01;0.09;0.20;0.31;46;1700681;1378327;497764;40600;52064;287908;117192
2012-12-21;19:05:02;0.26;0.18;0.28;46;1700700;1378425;497764;40508;52128;287988;117140
2012-12-21;19:10:01;0.79;0.42;0.34;46;1700714;1378495;497764;41036;52232;287444;117052
2012-12-21;19:15:02;0.04;0.24;0.29;47;1700733;1378580;497764;40848;52276;287520;117120
2012-12-21;19:20:01;0.09;0.27;0.30;46;1700796;1378752;497764;40168;52660;287652;117284
2012-12-21;19:25:01;0.10;0.19;0.26;46;1700819;1378823;497764;40136;52712;287712;117204
2012-12-21;19:30:01;0.14;0.15;0.22;46;1700852;1378921;497764;39732;52776;287792;117464
2012-12-21;19:35:01;0.29;0.20;0.23;46;1700876;1378999;497764;39632;52852;287856;117424
2012-12-21;19:40:01;0.50;0.30;0.26;46;1700899;1379070;497764;39920;52940;287520;117384
2012-12-21;19:45:01;0.14;0.26;0.25;46;1700927;1379141;497764;39896;52984;287576;117308
2012-12-21;19:50:01;0.22;0.21;0.23;46;1700958;1379252;497764;39732;53060;287664;117308
2012-12-21;19:55:01;0.37;0.26;0.24;46;1700987;1379328;497764;39424;53124;287724;117492
2012-12-21;20:00:01;0.29;0.26;0.23;46;1701011;1379404;497764;39308;53188;287784;117484
2012-12-21;20:05:01;0.09;0.18;0.21;45;1701039;1379474;497764;39308;53248;287840;117368
2012-12-21;20:10:01;0.65;0.33;0.26;46;1701068;1379585;497764;39392;53368;287468;117536
2012-12-21;20:15:01;0.15;0.20;0.22;46;1701087;1379585;497764;39432;53392;287468;117472
2012-12-21;20:20:01;0.11;0.16;0.21;45;1701087;1379585;497764;39432;53408;287468;117456
2012-12-21;20:25:02;0.00;0.09;0.18;46;1701087;1379585;497764;39432;53416;287468;117448
2012-12-21;20:30:01;0.00;0.07;0.14;46;1701087;1379585;497764;39308;53424;287468;117564
2012-12-21;20:35:01;0.00;0.03;0.11;46;1701088;1379585;497764;39308;53436;287468;117552
2012-12-21;20:40:01;0.28;0.10;0.11;46;1701088;1379585;497764;39680;53464;287132;117488
2012-12-21;20:45:01;0.00;0.04;0.08;46;1701088;1379585;497764;39680;53472;287132;117480
2012-12-21;20:50:01;0.00;0.01;0.06;46;1701089;1379585;497764;39680;53476;287132;117476
2012-12-21;20:55:01;0.00;0.02;0.05;46;1701089;1379585;497764;39680;53484;287132;117468
2012-12-21;21:00:01;0.00;0.04;0.05;46;1701089;1379585;497764;39672;53492;287132;117468
2012-12-21;21:05:01;0.00;0.04;0.05;46;1701096;1379586;497764;39648;53496;287136;117484
2012-12-21;21:10:01;0.03;0.08;0.06;46;1701105;1379586;497764;39680;53516;287136;117432
2012-12-21;21:15:01;0.00;0.03;0.05;46;1701105;1379586;497764;39680;53520;287136;117428
2012-12-21;21:20:01;0.00;0.04;0.05;46;1701106;1379586;497764;39556;53528;287136;117544
2012-12-21;21:25:01;0.00;0.01;0.05;46;1701106;1379586;497764;39556;53536;287136;117536
2012-12-21;21:30:01;0.00;0.01;0.05;45;1701106;1379586;497764;39556;53544;287136;117528
2012-12-21;21:35:01;0.00;0.01;0.05;46;1701106;1379586;497764;39556;53556;287136;117516
2012-12-21;21:40:01;0.26;0.10;0.07;46;1701107;1379586;497764;39680;53572;287140;117372
2012-12-21;21:45:01;0.02;0.06;0.05;46;1701107;1379586;497764;39432;53580;287140;117612
2012-12-21;21:50:01;0.00;0.06;0.05;46;1701107;1379586;497764;39432;53588;287140;117604
2012-12-21;21:55:01;0.00;0.04;0.05;46;1701108;1379586;497764;39556;53592;287140;117476
2012-12-21;22:00:01;0.00;0.03;0.05;46;1701108;1379586;497764;39556;53600;287140;117468
2012-12-21;22:05:01;0.00;0.03;0.05;46;1701108;1379586;497764;39556;53608;287140;117460
2012-12-21;22:10:01;0.00;0.01;0.05;46;1701109;1379586;497764;39556;53620;287140;117448
2012-12-21;22:15:01;0.00;0.02;0.05;46;1701109;1379586;497764;39432;53624;287140;117568
2012-12-21;22:20:01;0.00;0.01;0.05;46;1701109;1379586;497764;39400;53636;287140;117588
2012-12-21;22:25:01;0.00;0.03;0.05;46;1701110;1379586;497764;39432;53652;287144;117536
2012-12-21;22:30:01;0.00;0.04;0.05;46;1701110;1379586;497764;39400;53660;287144;117560
2012-12-21;22:35:01;0.00;0.05;0.05;46;1701110;1379587;497764;39556;53672;287144;117392
2012-12-21;22:40:01;0.00;0.04;0.05;46;1701111;1379587;497764;39308;53680;287144;117632
2012-12-21;22:45:01;0.00;0.01;0.05;46;1701111;1379587;497764;39432;53684;287144;117504
2012-12-21;22:50:01;0.00;0.01;0.05;46;1701113;1379594;497764;39400;53696;287144;117524
2012-12-21;22:55:01;0.04;0.04;0.05;46;1701113;1379594;497764;39308;53704;287144;117608
2012-12-21;23:00:01;0.00;0.01;0.05;46;1701113;1379594;497764;39300;53712;287144;117608
2012-12-21;23:05:01;0.00;0.04;0.05;46;1701113;1379594;497764;39308;53716;287144;117596
2012-12-21;23:10:01;0.07;0.07;0.05;46;1701114;1379594;497764;39308;53728;287144;117584
2012-12-21;23:15:01;0.01;0.06;0.05;46;1701114;1379594;497764;39432;53732;287144;117456
2012-12-21;23:20:02;0.00;0.02;0.05;46;1701114;1379594;497764;39432;53744;287144;117444
2012-12-21;23:25:01;0.01;0.04;0.05;45;1701115;1379594;497764;39308;53744;287144;117568
2012-12-21;23:30:01;0.00;0.01;0.05;46;1701115;1379594;497764;39308;53748;287144;117564
2012-12-21;23:35:02;0.00;0.01;0.05;46;1701116;1379594;497764;39308;53764;287148;117544
2012-12-21;23:40:01;0.10;0.04;0.05;46;1701116;1379594;497764;39308;53776;287148;117532
2012-12-21;23:45:02;0.00;0.03;0.05;46;1701116;1379595;497764;39184;53784;287152;117644
2012-12-21;23:50:01;0.01;0.04;0.05;46;1701117;1379595;497764;39308;53792;287152;117512
2012-12-21;23:55:01;0.02;0.06;0.05;46;1701117;1379595;497764;39308;53796;287152;117508
